,Hour,January,February,March,April,May,June,July,August,September,October,November,December
0,0,9548,8631,7111,3738,9795,16862,26436,29717,26051,25745,18444,9340
1,1,5682,5022,3983,2109,5466,9914,15497,18217,15012,14689,10519,5443
2,2,3659,3116,2069,1274,3334,5654,9012,10568,8705,8213,5833,3419
3,3,2327,2062,1716,893,2194,3365,5245,6179,5152,4828,3855,2338
4,4,2532,2396,2050,955,1963,3006,4819,5085,4625,4721,3981,2476
5,5,9272,8433,6541,2623,5172,9290,12118,11725,12041,11965,9722,7388
6,6,29218,25591,21364,10581,19124,31139,37976,36306,40873,39248,31299,22084
7,7,63273,55212,44787,18068,32947,53610,66627,66558,80754,77263,60573,40576
8,8,113714,100073,75940,21335,42268,72649,94851,96250,113667,112154,87412,56922
9,9,83333,77280,57497,20952,46493,75793,94248,94896,107084,100862,85011,55147
10,10,54982,54174,44075,25108,56102,81807,93014,98347,110056,99460,90453,55471
11,11,57988,56146,49659,33101,74099,95768,104157,112736,127818,113817,106210,64448
12,12,66714,62980,61552,44070,95200,116278,117799,131713,150010,135569,125663,76105
13,13,69819,65258,67914,54408,115166,125350,123510,141608,161986,150450,134688,85031
14,14,73202,66869,72389,61863,130024,132799,128450,151750,173585,163120,141415,92313
15,15,77971,71962,77411,67891,139712,144672,140106,164250,187744,177499,149215,97257
16,16,89073,80939,90129,71972,147834,163895,153474,181299,206347,192996,152385,95280
17,17,119933,110964,114656,74982,154643,192983,188164,222093,250513,224071,139768,87044
18,18,110242,100964,105280,67424,146880,170743,198987,233260,249036,206709,119958,75256
19,19,74634,70032,67247,47108,115795,140662,170675,192837,175515,141125,90670,56648
20,20,49379,47093,39612,23689,67128,103288,129877,126716,106462,90955,61275,37662
21,21,33802,32766,26256,12767,35863,64220,84181,82842,72206,62650,44134,25533
22,22,24500,24043,17558,9322,23973,41179,61732,65163,58023,50744,37372,21538
23,23,15799,14824,11661,6529,16715,27347,44853,49399,44960,40016,26849,14210
