,Hour,January,February,March,April,May,June,July,August,September,October,November,December
0,0,10878,13110,20380,26089,38493,54320,61339,57187,50933,43527,31612,23576
1,1,7146,7582,12390,16086,22740,33049,39095,35669,30959,27804,20998,14392
2,2,4835,5287,8300,10737,15069,20967,25880,23530,20200,18383,12695,9258
3,3,3005,3414,5635,7360,9815,13597,16283,14819,13226,11800,8120,6139
4,4,2941,3473,5409,7145,8973,11320,13237,12069,10614,9212,7555,5849
5,5,8193,8917,12785,13614,17594,22128,24672,25479,23087,19195,18205,13759
6,6,22782,26920,39741,40600,51344,62812,65365,71003,68282,53944,50468,35797
7,7,45245,55137,84767,87700,108010,121078,115981,126680,140619,120948,109974,76931
8,8,64893,80969,125917,134547,161370,180516,176274,196384,200622,176618,162472,111437
9,9,51644,65638,97443,114872,136228,157909,163196,180066,172318,150798,135086,95576
10,10,46637,57450,81218,105325,129625,146438,153446,163899,157917,138023,120421,81228
11,11,51902,63252,88460,118594,147901,165169,171130,177389,168990,150118,128795,86626
12,12,61732,73094,103194,134167,167805,188512,192850,195814,189419,171733,142191,96022
13,13,68662,78821,112978,146417,178956,203999,197445,202371,200732,182062,151783,104522
14,14,77984,85262,125455,159498,199473,218413,208179,208321,218328,203948,163127,111077
15,15,85615,91623,138411,173237,216227,231214,216871,226820,242978,227179,178360,119044
16,16,90172,98315,150034,189622,226950,254656,246392,263626,267143,246092,194231,128101
17,17,93560,113117,183558,226289,265593,303763,302286,335208,320657,283667,212104,132699
18,18,85302,98741,170787,207682,257064,302159,304433,339104,315753,249382,187824,119635
19,19,62548,71192,118409,146204,200009,240878,253786,277478,235848,177616,137057,88616
20,20,40877,48780,76333,93000,138634,179140,194385,197402,160921,123465,98555,64717
21,21,28014,34702,56252,66754,100797,130364,142999,145517,120867,95730,76912,49023
22,22,22608,28509,43795,53484,82731,108016,121619,118132,100060,79557,63782,42079
23,23,15243,20409,31793,40590,59199,82466,90247,87342,76650,60869,47778,33549
