,Hour,January,February,March,April,May,June,July,August,September,October,November,December
0,0,8148,5606,12259,20360,39245,54146,54329,55589,54912,46500,26599,21851
1,1,5112,3340,6363,10619,20824,34581,35520,35846,34937,30348,17519,13262
2,2,3125,2145,3990,6676,12602,22967,23996,24953,23998,20683,10515,8174
3,3,2323,1332,2711,3941,7573,13971,15879,15992,15025,12704,6999,4981
4,4,2529,1451,2803,3842,6015,11578,12409,12194,11326,9661,6725,4773
5,5,7442,4449,8878,11433,14881,21457,20497,20551,20698,18222,14825,11387
6,6,23447,13505,29457,37471,47618,59592,55763,57101,60240,55496,46135,32711
7,7,41942,23435,55254,70824,89359,107950,98713,100366,122158,118946,97424,69350
8,8,62054,33822,81856,107104,136606,159697,147623,150350,174508,174678,140145,101247
9,9,57493,31960,72316,94507,121076,139645,137852,139028,150334,147261,113490,87369
10,10,55285,31365,69085,92569,121244,138164,136189,133661,146004,137845,104178,85042
11,11,64547,35197,79813,106914,140820,156220,155481,152008,160361,155738,114819,97407
12,12,76858,40998,96165,124597,161521,174926,175501,172892,186118,180502,130266,112663
13,13,85410,44421,109867,137511,176058,184917,183588,179197,197967,188137,135404,120958
14,14,90843,49175,120893,149000,191743,201423,194697,184979,210786,205545,144414,133779
15,15,94182,53027,127870,157790,198469,205612,202509,197132,226267,222000,157983,143069
16,16,96111,56792,135105,170191,212641,216737,224888,223213,251538,242867,170959,143413
17,17,92717,61488,150578,199187,249889,272531,261240,271159,299438,285565,186492,142267
18,18,79717,52939,133536,194427,246238,284336,266333,280573,291784,265207,168274,129199
19,19,57247,38972,91219,142850,188448,237728,221700,226625,219841,185112,124367,95998
20,20,36230,25445,54968,85821,127900,176188,164086,152867,146289,126038,85963,64827
21,21,22687,16333,36278,57817,88153,123621,118117,111993,110706,96314,64370,49529
22,22,17995,13269,27356,46038,71951,99959,98199,98612,90680,80553,52828,42305
23,23,11902,9517,22474,36180,53291,80135,79805,75952,74645,63313,38591,32726
