,Hour,January,February,March,April,May,June,July,August,September,October,November,December
0,0,2428,1715,2587,5465,8893,9370,11723,12317,12575,10969,8981,8034
1,1,1439,937,1362,2901,5298,5082,6419,6978,6645,6108,5580,4915
2,2,979,509,788,1725,2908,2920,3753,4101,4155,3540,3161,2732
3,3,606,347,567,1054,1857,1818,2352,2557,2502,2068,1939,1742
4,4,664,402,631,994,1641,1593,2064,2211,2209,2064,1812,1678
5,5,2269,1379,2182,3367,4837,5344,6170,5578,6210,6369,5569,4654
6,6,8126,4450,8437,13964,19234,21360,24080,22724,26113,25549,22394,17473
7,7,14898,8958,16567,28591,39639,43398,47487,45784,55753,56825,49672,39350
8,8,25109,16573,31202,50020,68757,75807,82417,83998,99178,105526,86005,71865
9,9,19373,13885,25450,41834,56774,60499,67035,71251,79450,82565,67627,55596
10,10,12519,9151,15374,28861,43719,38933,44827,51777,57738,54864,46671,37946
11,11,12589,8724,15090,30154,46702,41112,47161,56182,61281,56835,48586,39417
12,12,14598,9849,17494,35175,54790,47168,54513,64342,70347,66130,56636,45951
13,13,15340,10675,17967,36836,58648,50950,56221,65156,73321,69156,59199,48524
14,14,16134,10901,18522,39018,60112,52533,57034,66189,75739,72388,60885,50765
15,15,16961,11599,19208,40221,62092,54781,62514,69706,79092,75774,64701,51951
16,16,20573,14130,23087,47682,71857,65320,73740,81885,92907,88458,70006,56517
17,17,28028,20526,35760,67894,95275,92894,106356,115340,128241,120418,88860,70606
18,18,26426,18669,34630,64560,89782,90113,107169,115163,123185,108484,81529,67002
19,19,17544,12374,21575,43417,64115,64700,79963,86156,85897,71654,55939,44830
20,20,11258,8003,13115,27019,40186,45840,54993,57403,55634,47514,38194,30335
21,21,7613,5841,9169,18577,27919,30722,37726,40388,40859,34787,27941,22428
22,22,6102,4362,6520,13921,21721,23039,29723,31030,30046,26141,21182,17418
23,23,3976,2971,4542,9140,15230,15923,20236,20828,20622,18091,14176,12396
